import numpy as np

originalMatrix = [-969.721525, -213.199205, 333.037084, 816.401435, 817.965103, 838.085260, -954.810286, -487.705459, -971.310480, -473.086660, -485.857465, -348.525416, 
-213.199205, -23.837695, -612.709502, 978.287281, 124.699395, 739.261521, 746.969222, -995.947908, -821.313641, -219.002431, 168.326404, 84.597231, 
333.037084, -612.709502, 218.700480, -452.541096, 103.558216, 259.419348, -292.991174, 689.392307, -374.482493, 612.148064, -919.147460, 763.665692, 
816.401435, 978.287281, -452.541096, -578.062641, -317.018118, -576.467114, 417.367477, -82.151363, 822.929317, -988.581152, -555.500853, 344.457884, 
817.965103, 124.699395, 103.558216, -317.018118, 356.919771, -837.042108, 24.388672, -428.216837, -420.062697, -991.111105, -117.640373, -598.101966, 
838.085260, 739.261521, 259.419348, -576.467114, -837.042108, -673.886003, -572.843374, -407.862640, -918.216144, 400.198619, 12.296136, -24.252435, 
-954.810286, 746.969222, -292.991174, 417.367477, 24.388672, -572.843374, 955.748362, 254.781736, 127.840652, -89.905729, 680.784932, -909.560163, 
-487.705459, -995.947908, 689.392307, -82.151363, -428.216837, -407.862640, 254.781736, 268.659894, 243.601425, 608.917454, 506.063265, 520.104124, 
-971.310480, -821.313641, -374.482493, 822.929317, -420.062697, -918.216144, 127.840652, 243.601425, 717.184071, 234.574487, -945.733978, 407.716597, 
-473.086660, -219.002431, 612.148064, -988.581152, -991.111105, 400.198619, -89.905729, 608.917454, 234.574487, -902.095752, -567.439096, -222.066020, 
-485.857465, 168.326404, -919.147460, -555.500853, -117.640373, 12.296136, 680.784932, 506.063265, -945.733978, -567.439096, -968.686301, -676.968170, 
-348.525416, 84.597231, 763.665692, 344.457884, -598.101966, -24.252435, -909.560163, 520.104124, 407.716597, -222.066020, -676.968170, -909.548740, ]
originalMatrix = np.array(originalMatrix).reshape(12,12)

oursEigenVectors = [0.514056, 0.394388, 0.108907, 0.024090, -0.060983, 0.221050, 0.556434, 0.382692, 0.154613, 0.083025, 0.113567, -0.124151, 
0.347199, -0.044777, -0.259380, -0.012896, -0.440608, 0.016230, -0.377621, -0.038012, 0.432680, -0.432004, 0.310627, 0.035104, 
-0.006168, 0.000217, -0.484441, 0.095511, 0.273075, -0.082200, -0.049549, 0.307060, -0.345647, 0.135927, 0.618819, 0.239174, 
-0.550343, 0.063505, -0.171756, -0.212775, -0.025982, 0.448473, 0.314241, -0.194425, 0.128257, -0.213739, 0.331224, -0.328818, 
-0.286798, 0.117121, 0.094944, 0.202645, -0.394614, 0.232414, -0.226954, 0.117637, 0.285230, 0.674854, 0.113702, 0.170749, 
-0.346951, -0.119266, 0.141102, 0.668337, -0.138030, -0.200678, 0.225205, 0.352428, 0.078478, -0.392147, -0.014429, 0.066500, 
0.057673, 0.113110, 0.342459, 0.142452, 0.200178, -0.317691, 0.218435, -0.569047, 0.255733, 0.065015, 0.445384, 0.256494, 
0.118925, -0.230721, 0.061196, 0.085831, -0.486099, -0.298907, 0.115233, -0.150609, -0.397630, 0.206597, 0.239520, -0.549320, 
0.182936, 0.141153, -0.235314, 0.462384, -0.163181, 0.447528, 0.080793, -0.459926, -0.374215, -0.067772, -0.174415, 0.239623, 
-0.223838, 0.487645, 0.036128, -0.380992, -0.452000, -0.285984, 0.109185, 0.038126, -0.290157, -0.175223, -0.037238, 0.387159, 
-0.091856, 0.543409, -0.470933, 0.227133, 0.132804, -0.376229, -0.079364, -0.128615, 0.215086, 0.106664, -0.216518, -0.369266, 
-0.013409, 0.437536, 0.477781, 0.137532, 0.164913, 0.186579, -0.508542, 0.077110, -0.267297, -0.198818, 0.224514, -0.270631, ]
oursEigenVectors = np.array(oursEigenVectors).reshape(12,12)

ourEigenValues = [-3277.445370, -2801.615918, -2194.735211, -1729.827112, -1322.027606, 1856.364183, -709.921634, 2752.111264, 3141.088005, 1313.772900, 466.352526, -2.741372, ]
ourEigenValues = np.array(ourEigenValues)
ourEigenValues = np.diag(ourEigenValues)

print("Norm of difference for ours:")
print(np.linalg.norm(originalMatrix - oursEigenVectors @ ourEigenValues @ oursEigenVectors.T))
print("Orthogonality of eigenvectors for ours:")
print(np.linalg.norm(np.eye(12) - oursEigenVectors @ oursEigenVectors.T))


cusolverEigenVectors = [0.514056, 0.394388, 0.108907, -0.024090, 0.060983, 0.556434, 0.124151, 0.113567, -0.083025, 0.221050, -0.382692, 0.154613, 
0.347199, -0.044777, -0.259380, 0.012896, 0.440608, -0.377622, -0.035104, 0.310627, 0.432004, 0.016230, 0.038012, 0.432680, 
-0.006168, 0.000217, -0.484441, -0.095511, -0.273075, -0.049549, -0.239174, 0.618819, -0.135927, -0.082200, -0.307059, -0.345647, 
-0.550343, 0.063505, -0.171756, 0.212775, 0.025982, 0.314241, 0.328818, 0.331224, 0.213739, 0.448473, 0.194425, 0.128257, 
-0.286798, 0.117121, 0.094943, -0.202645, 0.394614, -0.226954, -0.170749, 0.113702, -0.674854, 0.232414, -0.117637, 0.285230, 
-0.346951, -0.119266, 0.141102, -0.668337, 0.138030, 0.225205, -0.066500, -0.014429, 0.392147, -0.200678, -0.352428, 0.078478, 
0.057673, 0.113110, 0.342459, -0.142452, -0.200178, 0.218435, -0.256494, 0.445384, -0.065015, -0.317691, 0.569047, 0.255733, 
0.118925, -0.230721, 0.061196, -0.085831, 0.486099, 0.115233, 0.549320, 0.239520, -0.206597, -0.298907, 0.150609, -0.397630, 
0.182936, 0.141153, -0.235314, -0.462384, 0.163181, 0.080793, -0.239622, -0.174415, 0.067772, 0.447528, 0.459926, -0.374215, 
-0.223839, 0.487645, 0.036128, 0.380992, 0.452000, 0.109185, -0.387159, -0.037238, 0.175223, -0.285984, -0.038126, -0.290157, 
-0.091856, 0.543409, -0.470933, -0.227133, -0.132804, -0.079364, 0.369266, -0.216518, -0.106664, -0.376229, 0.128615, 0.215086, 
-0.013410, 0.437536, 0.477781, -0.137532, -0.164913, -0.508542, 0.270631, 0.224514, 0.198818, 0.186579, -0.077110, -0.267297,]
cusolverEigenVectors = np.array(cusolverEigenVectors).reshape(12,12)
cusolverEigenValues = [-3277.446506, -2801.616989, -2194.735432, -1729.827484, -1322.027880, -709.921634, -2.741372, 466.352526, 1313.773340, 1856.364133, 2752.112694, 3141.088524,]
cusolverEigenValues = np.array(cusolverEigenValues)
cusolverEigenValues = np.diag(cusolverEigenValues)

print("Norm of difference for cusolver:")
print(np.linalg.norm(originalMatrix - cusolverEigenVectors @ cusolverEigenValues @ cusolverEigenVectors.T))
print("Orthogonality of eigenvectors for cusolver:")
print(np.linalg.norm(np.eye(12) - cusolverEigenVectors @ cusolverEigenVectors.T))